Title: Drop tap/chane takeoff 1
Sampling Frequency: 10
Filter Type: Velocity
Weight: 1000.000000
0.000000
-9.800506
-19.600998
-29.401466
-39.201931
-49.002388
-58.802876
-68.603371
-78.403847
-88.204315
-97.978264
-107.617897
-117.316597
-127.020767
-136.730331
-146.440216
-156.145645
-165.849411
-175.568237
-185.288208
-194.998734
-204.708130
-214.414413
-224.133865
-233.889832
-243.655014
-253.370346
-263.075043
-272.781677
-282.472931
-292.160919
-301.863098
-311.589325
-321.337402
-331.092865
-340.813751
-350.516663
-360.226959
-369.936066
-379.640900
-389.361603
-399.132202
-408.930176
-418.730652
-428.522125
-438.264679
-447.978912
-457.689911
-467.400848
-477.111786
-486.822754
-496.533691
-506.244598
-515.942810
-525.414673
-534.598816
-544.086243
-553.782837
-563.493896
-573.204956
-582.915710
-592.625244
-602.333618
-612.038757
-621.739990
-631.461365
-641.235168
-651.034058
-660.834290
-670.634583
-680.434814
