Title: Drop tap/lift and take off
Sampling Frequency: 10
Filter Type: Exp Moving Average
Weight: 1000.000000
-8.162811
-8.133897
-8.104426
-8.067865
-8.017091
-7.975674
-7.887895
-7.790921
10.151026
315.299011
581.240723
693.017944
770.252747
825.328613
866.458618
897.755493
930.397400
965.951904
932.281982
874.211487
913.333252
935.689453
949.971069
963.214478
978.252747
973.815247
931.060974
1388.463623
2017.066040
1892.550415
1667.762451
1503.177246
1393.873169
1304.538574
1165.936157
1037.084473
1030.802734
1024.831299
1016.642822
1010.454773
1005.820374
1002.455811
999.883423
999.181946
1004.667847
1062.426514
1725.576538
3436.502197
3883.674561
3052.031982
2288.312256
1714.880737
1284.901611
962.468445
720.724731
