Title: Drop tap/lift takeoff 2
Sampling Frequency: 10
Filter Type: Exp Moving Average
Weight: 1000.000000
-2.642349
-2.659030
-2.628170
-2.621706
-2.605736
-2.492558
-2.444374
-2.313708
9.791632
250.076141
508.695892
638.822876
732.664734
799.217163
850.309204
915.810181
1006.955566
1060.117676
1029.325317
983.750000
999.122559
1001.284790
1010.971436
986.153381
847.098389
656.513733
572.340820
678.159058
762.690674
823.746216
872.967590
906.904297
932.674866
962.880249
983.832764
923.350586
747.966675
566.924683
535.581665
655.611938
742.336182
805.860229
854.275024
893.587769
925.760193
952.650879
914.598267
757.888245
603.462891
601.250427
714.578857
789.882080
851.169312
889.318909
802.361755
625.033081
585.983459
685.828796
764.277039
822.648376
868.624390
910.663086
948.214172
951.354126
895.636414
866.095642
904.595093
930.940735
928.205566
875.038757
792.547974
752.502625
836.557739
883.452576
914.590088
942.153625
957.363647
962.071838
971.511597
985.171692
1001.205322
1043.301636
1639.989502
3434.369385
4029.339111
3212.218018
2412.119629
1809.523438
1357.572998
1018.625671
764.471924
