Title: Drop tap/chane takeoff 1
Sampling Frequency: 10
Filter Type: Exp Moving Average
Weight: 1000.000000
-5.631672
-5.593861
-5.505449
-5.431355
-5.350207
-5.368305
-5.409680
-5.368426
-5.339709
68.587517
498.220001
655.906982
758.915344
821.138245
866.941345
913.657959
953.372925
941.165100
928.842041
945.894226
961.862793
982.484741
961.241821
843.607117
729.699341
783.150879
852.836914
899.774475
977.806885
1045.435913
1056.618042
998.042908
893.195190
793.902161
815.825867
882.383179
911.636108
937.039978
967.904541
946.859253
792.019409
599.661743
448.409576
360.079437
430.084045
561.472046
669.145630
749.973083
810.587036
856.048645
890.184814
915.802551
970.476257
1642.028564
2947.373291
3081.371826
2599.040283
2197.167236
1895.610107
1670.376343
1504.877441
1383.899414
1302.310669
1251.856445
1157.899170
941.445923
709.216125
531.178101
397.671844
297.475403
222.336975
