Title: Drop tap/lift takeoff 3
Sampling Frequency: 10
Filter Type: Exp Moving Average
Weight: 1000.000000
-3.945729
-3.941281
-3.935720
-3.903748
-3.791912
-3.743623
-3.712966
-3.730009
-3.495906
132.013290
541.584473
665.349854
765.642700
822.731812
865.052612
896.863281
920.703491
938.668152
952.147217
974.176025
1233.667969
1451.086182
1358.546021
1266.857666
1198.263794
1147.666992
1114.909546
1099.251465
1108.575562
1116.299316
1097.088867
1086.662354
1068.648926
1049.940918
1041.157837
1039.914185
965.798645
767.402832
607.357056
662.289368
750.999756
811.829651
862.259705
913.466309
949.820557
928.211731
859.359436
873.694397
917.498352
937.214111
957.302246
978.127930
1101.497437
2015.971802
2927.419434
2590.013916
1970.011597
1477.385254
1107.653076
830.372803
622.488220
466.654846
