Title: Drop tap/lift and take off
Sampling Frequency: 10
Filter Type: Moving Average
Weight: 1000.000000
-7.000000
-7.000000
-7.000000
-7.000000
-7.000000
2.000000
179.000000
377.000000
525.000000
669.000000
812.000000
954.000000
1086.000000
1058.000000
1014.000000
986.000000
943.000000
948.000000
950.000000
950.000000
947.000000
940.000000
958.000000
973.000000
1220.000000
1634.000000
1709.000000
1708.000000
1706.000000
1721.000000
1754.000000
1467.000000
1003.000000
930.000000
932.000000
930.000000
919.000000
913.000000
947.000000
996.000000
994.000000
996.000000
1031.000000
1420.000000
2503.000000
3107.000000
3045.000000
2902.000000
2756.000000
2578.000000
2047.000000
822.000000
88.000000
-4.000000
-4.000000
