Title: Drop tap/lift takeoff 2
Sampling Frequency: 10
Filter Type: Velocity
Weight: 1000.000000
0.000000
-9.800241
-19.600489
-29.400721
-39.200958
-49.001194
-58.801392
-68.601601
-78.401779
-88.197556
-97.908684
-107.591103
-117.296890
-127.004051
-136.712616
-146.420761
-156.118942
-165.801743
-175.490112
-185.204346
-194.926804
-204.631134
-214.338898
-224.043701
-233.760239
-243.520889
-253.313126
-263.083862
-272.792725
-282.499695
-292.207520
-301.914093
-311.621796
-321.329346
-331.032928
-340.737122
-350.469208
-360.248901
-370.046722
-379.806305
-389.513306
-399.221558
-408.930359
-418.638855
-428.346283
-438.052704
-447.758118
-457.484863
-467.258514
-477.045685
-486.791260
-496.494751
-506.201752
-515.906982
-525.615112
-535.365540
-545.156982
-554.914062
-564.623901
-574.332397
-584.041077
-593.748901
-603.454041
-613.156921
-622.869019
-632.602356
-642.331177
-652.037842
-661.745361
-671.461182
-681.195679
-690.945740
-700.687927
-710.388245
-720.094482
-729.802185
-739.508362
-749.216553
-758.927185
-768.635681
-778.341797
-788.045776
-797.738708
-807.224731
-816.217651
-825.485413
-835.215698
-845.014648
-854.814514
-864.614380
-874.414246
