Title: Drop tap/chane takeoff 1
Sampling Frequency: 10
Filter Type: Moving Average
Weight: 1000.000000
-5.000000
-5.000000
-5.000000
-5.000000
-5.000000
-5.000000
37.000000
293.000000
455.000000
608.000000
752.000000
896.000000
1048.000000
1159.000000
1033.000000
999.000000
989.000000
990.000000
995.000000
973.000000
890.000000
816.000000
823.000000
833.000000
837.000000
861.000000
911.000000
997.000000
1059.000000
1007.000000
926.000000
903.000000
885.000000
849.000000
838.000000
872.000000
916.000000
892.000000
769.000000
614.000000
484.000000
431.000000
416.000000
432.000000
527.000000
665.000000
808.000000
936.000000
986.000000
1012.000000
1392.000000
2231.000000
2587.000000
2610.000000
2610.000000
2609.000000
2589.000000
2211.000000
1376.000000
1030.000000
1022.000000
1006.000000
906.000000
766.000000
622.000000
475.000000
324.000000
166.000000
48.000000
0.000000
-2.000000
