Title: Drop wait for a while take off
Sampling Frequency: 10
Filter Type: Velocity
Weight: 1000.000000
0.000000
-9.800411
-19.600821
-29.401218
-39.201595
-49.001972
-58.802338
-68.602699
-78.403061
-88.197144
-97.915749
-107.634972
-117.366547
-127.100334
-136.834991
-146.569809
-156.304672
-166.039520
-175.774353
-185.509155
-195.243958
-204.978775
-214.713150
-224.446518
-234.178375
-243.905716
-253.613434
-263.157501
-272.502167
-282.102051
-291.890167
-301.690491
-311.490845
-321.291199
-331.091522
