Title: Drop tap/lift takeoff 3
Sampling Frequency: 10
Filter Type: Moving Average
Weight: 1000.000000
-3.000000
-3.000000
-3.000000
-3.000000
-3.000000
-2.000000
74.000000
327.000000
476.000000
628.000000
771.000000
913.000000
1055.000000
1120.000000
1009.000000
1002.000000
999.000000
1144.000000
1303.000000
1315.000000
1315.000000
1315.000000
1316.000000
1312.000000
1175.000000
1037.000000
1045.000000
1052.000000
1061.000000
1064.000000
1061.000000
1055.000000
1041.000000
984.000000
861.000000
728.000000
701.000000
705.000000
702.000000
699.000000
745.000000
871.000000
977.000000
952.000000
937.000000
945.000000
942.000000
935.000000
933.000000
1020.000000
1606.000000
2284.000000
2360.000000
2233.000000
2088.000000
1939.000000
1728.000000
1048.000000
239.000000
17.000000
0.000000
0.000000
