Title: Drop tap/lift and take off
Sampling Frequency: 10
Filter Type: Velocity
Weight: 1000.000000
0.000000
-9.800548
-19.601086
-29.401625
-39.202160
-49.002689
-58.803215
-68.603729
-78.404236
-88.199936
-97.917351
-107.624809
-117.355804
-127.088562
-136.822098
-146.555679
-156.289139
-166.020142
-175.748169
-185.492386
-195.245407
-204.976242
-214.708954
-224.442337
-234.175034
-243.906372
-253.641922
-263.388062
-273.002808
-282.540894
-292.238953
-301.972290
-311.704559
-321.433044
-331.163483
-340.913147
-350.669464
-360.401581
-370.134003
-379.867432
-389.600861
-399.334320
-409.067749
-418.801147
-428.534241
-438.265747
-447.982819
-457.533569
-466.758545
-476.207947
-485.970551
-495.770752
-505.571106
-515.371399
-525.171753
