Title: Drop tap/lift takeoff 2
Sampling Frequency: 10
Filter Type: Moving Average
Weight: 1000.000000
-2.000000
-2.000000
-2.000000
-2.000000
-1.000000
5.000000
143.000000
327.000000
474.000000
620.000000
762.000000
906.000000
1058.000000
1102.000000
1093.000000
1080.000000
1056.000000
1063.000000
1063.000000
1053.000000
1000.000000
887.000000
766.000000
690.000000
683.000000
684.000000
680.000000
695.000000
778.000000
910.000000
1015.000000
1022.000000
983.000000
871.000000
728.000000
647.000000
648.000000
641.000000
634.000000
671.000000
783.000000
926.000000
1011.000000
980.000000
878.000000
756.000000
698.000000
704.000000
703.000000
703.000000
732.000000
768.000000
762.000000
744.000000
734.000000
732.000000
726.000000
727.000000
797.000000
935.000000
1006.000000
969.000000
937.000000
941.000000
941.000000
924.000000
875.000000
816.000000
802.000000
847.000000
847.000000
847.000000
862.000000
903.000000
964.000000
1017.000000
1008.000000
1012.000000
1035.000000
1378.000000
2495.000000
3186.000000
3152.000000
3007.000000
2857.000000
2690.000000
2200.000000
941.000000
129.000000
3.000000
1.000000
