Title: Drop tap/lift takeoff 3
Sampling Frequency: 10
Filter Type: Velocity
Weight: 1000.000000
0.000000
-9.800318
-19.600634
-29.400949
-39.201256
-49.001537
-58.801823
-68.602112
-78.402420
-88.202637
-97.959259
-107.616638
-117.333122
-127.047195
-136.767120
-146.487198
-156.207260
-165.927322
-175.647354
-185.367401
-195.083588
-204.721481
-214.352020
-224.064941
-233.785034
-243.505081
-253.224854
-262.942932
-272.658173
-282.366608
-292.074829
-301.791077
-311.506073
-321.224335
-330.944244
-340.662506
-350.379028
-360.119141
-369.905243
-379.694977
-389.428375
-399.146423
-408.866333
-418.584686
-428.298706
-438.013397
-447.743805
-457.491241
-467.217407
-476.932892
-486.652618
-496.370667
-506.086823
-515.768311
-525.184875
-534.528687
-544.201599
-553.992798
-563.792786
-573.592957
-583.393066
-593.193176
